#NCBI Gene
18
10349
154664
10347
1636
43
81
100
109
111
132
140
159
116987
116986
84871
392636
26523
27161
192669
192670
186
79026
10142
270
275
26057
56899
301
321
322
51107
89839
9743
394
9639
196528
9915
8853
142686
438
259266
23245
135
154
57194
476
478
491
23545
552
563
585
8537
29998
57448
675
23476
683
9044
8945
643338
721
765
774
776
778
8913
8912
8911
781
553
92558
783
23705
253559
8618
93664
815
814
147968
84433
57524
54862
440193
55297
881
900
401145
10575
80381
952
83692
9578
1008
1009
1012
64405
1006
1007
27443
10659
60677
9662
80184
95681
84952
1105
5119
1131
1139
1142
10518
23332
1183
2055
8218
80790
129607
54714
22866
23019
1268
5067
152330
53942
27255
26047
79937
85445
129684
340267
1376
8532
64478
1454
29119
1501
83992
9820
1523
23316
1524
23191
1539
747
27071
1644
80315
1584
1630
23259
168400
8562
22982
205428
27185
85458
1739
1740
9229
9228
58512
28514
1747
1750
1762
23312
196385
8632
55567
92737
1793
9732
81704
57628
10072
1803
1804
1806
1809
1813
1814
667
128853
1857
143241
84332
1746
1812
23392
23167
1960
1977
1993
54898
55250
26610
56946
2020
57634
26122
2041
2048
83481
55914
2078
57471
2100
2103
2109
11336
10640
54536
23233
2131
2171
158724
147965
22909
2195
2200
80204
254170
51725
343413
55079
2243
2260
2272
2483
2444
9568
2557
2567
55568
114805
79623
26290
2632
9615
79893
148979
2739
2742
2778
54584
2239
10082
2820
10243
2861
54329
2890
2620
2894
2895
392862
2898
2899
2900
2901
2876
23426
2868
2915
2917
2944
2969
2977
8970
9759
57520
8925
59269
3105
3106
3115
3123
3184
3185
3190
10236
221092
9456
3290
3351
3359
170572
54768
3382
7850
11141
26280
3608
83943
3628
26512
128239
3690
3708
6453
3720
3135
3150
222537
221037
23189
8850
7994
84056
3746
3751
3752
3766
3772
10089
3778
3785
3790
253980
221656
23030
23081
5927
7403
202559
57691
23303
9928
547
3800
84623
83855
11103
353288
284217
3912
23592
123169
3952
10288
64130
4010
987
57497
145581
4035
4036
55227
64101
84445
140733
4128
4129
5595
100128977
4139
2011
4152
53615
8930
114785
4173
4175
79648
161357
116931
9439
84466
84465
51072
84326
83552
57534
406928
2315
57496
79684
4481
4520
4524
10071
4585
4628
4622
4627
23026
4643
4644
55930
4650
254827
89797
89795
344148
9611
257194
4335
4698
4756
9603
4774
4781
22981
123606
81614
22871
22829
4862
9572
7025
4897
8828
7468
56160
22854
4914
4916
9891
134492
55746
30010
284451
8481
4983
26188
127069
119772
161725
5020
5021
5026
8974
5049
5062
64895
117583
10207
5087
57575
27328
65217
5101
56147
56139
56138
56137
56136
56146
56145
56144
56143
56142
56141
56140
9752
56135
56134
5108
5133
5137
5164
5187
8864
5191
51533
26245
5013
5245
57661
5294
5307
5329
84812
5350
55558
91584
5364
375775
23649
10585
25913
8500
8493
5519
57580
144165
166336
5575
5578
5579
25865
5591
5071
5625
55015
158471
23362
58155
100873065
5444
84152
5743
5787
5788
11122
7837
149628
54870
26056
5862
116442
339122
642636
64901
11069
83593
5929
54715
54439
221035
6000
9783
6014
84282
64320
152006
6092
6134
6196
6197
10055
148398
23328
23314
6305
58506
57466
152579
6329
6335
6342
6383
9037
6418
23067
9869
83852
26470
23451
27352
344558
50944
5054
6473
23309
57468
6505
55356
114571
25769
8604
9481
51629
10999
222962
10237
124565
57282
6531
6532
6535
84889
8140
9056
285195
28234
26050
4089
9126
23293
57154
6616
27044
54221
27131
6647
22986
8404
23013
6694
10253
6711
9901
23524
9295
6749
8128
6804
134957
55359
11198
94056
6854
10492
23345
8867
9013
6878
9344
93594
9779
27347
51760
6907
6999
7007
145645
7014
54790
7057
7067
116211
55116
55217
23112
57690
7155
8940
83696
7225
4308
8295
26262
7106
7102
9256
7273
114791
9690
254048
51366
51720
23025
57578
285175
26019
7399
9958
85015
7874
7429
11326
57705
65267
7471
51741
7514
55689
64848
7531
7173
51592
7328
22846
7421
7704
9877
23211
23503
57178
7750
10771
7566
151126
340385
147694
84527
199777
7552
349075
342132
91752
152485
55055
