#NCBI Gene
27
729092
10840
9181
490
23621
55971
339479
782
847
23097
55755
50937
80205
1121
9435
114788
53944
9646
7461
1981
5167
2047
2167
2258
2259
2395
2262
2887
57531
3479
10320
8516
23522
3747
22992
8609
3827
81887
3949
55857
114783
11184
9479
4137
23031
50488
4488
4638
93649
29781
4482
4821
10886
10482
26986
5091
5140
157310
9678
5290
64219
5430
11128
5530
10594
9791
5992
64864
9699
29843
57630
9963
55638
93426
6855
50945
64216
80194
23534
23371
51693
22954
140803
137970
84749
80737
11059
2547
7532
7534
